-4.15213e+06 0.002
-4.15212e+06 0.006
-4.15212e+06 0.002
-4.15211e+06 0.006
-4.15203e+06 0.003
-4.15156e+06 0.017
-4.15155e+06 0.003
-4.15144e+06 0.005
-4.15144e+06 0.002
-4.15144e+06 0.002
-4.15139e+06 0.001
-4.15134e+06 0.003
-4.15126e+06 0.001
-4.15124e+06 0.01
-4.15122e+06 0.002
-4.15118e+06 0.006
-4.15118e+06 0.002
-4.15118e+06 0.003
-4.15116e+06 0.002
-4.15111e+06 0.003
-4.15111e+06 0.002
-4.1511e+06 0.005
-4.15105e+06 0.002
-4.15104e+06 0.001
-4.15103e+06 0.004
-4.15098e+06 0.004
-4.15098e+06 0.001
-4.15097e+06 0.001
-4.15093e+06 0.005
-4.15092e+06 0.002
-4.15088e+06 0.006
-4.15086e+06 0.002
-4.15078e+06 0.006
-4.15071e+06 0.003
-4.15067e+06 0.001
-4.15044e+06 0.003
-4.15043e+06 0.001
-4.15041e+06 0.001
-4.15038e+06 0.001
-4.15035e+06 0.001
-4.15033e+06 0.002
-4.15032e+06 0.001
-4.1503e+06 0.001
-4.15027e+06 0.008
-4.15023e+06 0.005
-4.15022e+06 0.002
-4.15022e+06 0.002
-4.15021e+06 0.003
-4.15013e+06 0.002
-4.15013e+06 0.002
-4.15012e+06 0.004
-4.15008e+06 0.001
-4.15001e+06 0.002
-4.15e+06 0.001
-4.15e+06 0.002
-4.14999e+06 0.002
-4.14999e+06 0.002
-4.14998e+06 0.003
-4.14998e+06 0.003
-4.14996e+06 0.001
-4.14995e+06 0.004
-4.14992e+06 0.001
-4.14989e+06 0.003
-4.14988e+06 0.016
-4.14981e+06 0.004
-4.14979e+06 0.001
-4.14978e+06 0.008
-4.14978e+06 0.004
-4.14978e+06 0.003
-4.14977e+06 0.002
-4.14976e+06 0.002
-4.14975e+06 0.004
-4.14975e+06 0.005
-4.14974e+06 0.002
-4.14974e+06 0.002
-4.14973e+06 0.012
-4.14972e+06 0.001
-4.14972e+06 0.001
-4.14971e+06 0.004
-4.14969e+06 0.001
-4.14968e+06 0.002
-4.14968e+06 0.001
-4.14967e+06 0.001
-4.14966e+06 0.004
-4.14965e+06 0.003
-4.14963e+06 0.002
-4.14961e+06 0.001
-4.1496e+06 0.001
-4.1496e+06 0.008
-4.14959e+06 0.001
-4.14959e+06 0.008
-4.14956e+06 0.001
-4.14955e+06 0.003
-4.14953e+06 0.001
-4.14951e+06 0.003
-4.14951e+06 0.003
-4.14951e+06 0.003
-4.14951e+06 0.001
-4.1495e+06 0.004
-4.1495e+06 0.006
-4.1495e+06 0.003
-4.14949e+06 0.004
-4.14948e+06 0.002
-4.14946e+06 0.004
-4.14945e+06 0.001
-4.14943e+06 0.002
-4.1494e+06 0.001
-4.14939e+06 0.001
-4.14937e+06 0.003
-4.14936e+06 0.004
-4.14936e+06 0.002
-4.14936e+06 0.001
-4.14935e+06 0.002
-4.14935e+06 0.001
-4.14933e+06 0.002
-4.14932e+06 0.003
-4.14932e+06 0.001
-4.14932e+06 0.001
-4.14932e+06 0.003
-4.14932e+06 0.004
-4.1493e+06 0.002
-4.14929e+06 0.003
-4.14924e+06 0.013
-4.14924e+06 0.001
-4.14923e+06 0.009
-4.14922e+06 0.002
-4.14922e+06 0.001
-4.14921e+06 0.001
-4.1492e+06 0.001
-4.14919e+06 0.001
-4.14918e+06 0.003
-4.14918e+06 0.001
-4.14916e+06 0.001
-4.14915e+06 0.002
-4.14914e+06 0.003
-4.14913e+06 0.001
-4.14913e+06 0.001
-4.14912e+06 0.001
-4.14911e+06 0.001
-4.14905e+06 0.002
-4.14904e+06 0.002
-4.14902e+06 0.001
-4.14901e+06 0.003
-4.14899e+06 0.003
-4.14899e+06 0.001
-4.14896e+06 0.001
-4.14893e+06 0.004
-4.14892e+06 0.003
-4.14883e+06 0.001
-4.14878e+06 0.003
-4.14872e+06 0.004
-4.1487e+06 0.007
-4.1487e+06 0.001
-4.14869e+06 0.001
-4.14867e+06 0.002
-4.1486e+06 0.004
-4.14859e+06 0.003
-4.14852e+06 0.002
-4.14843e+06 0.005
-4.14833e+06 0.003
-4.14832e+06 0.002
-4.14829e+06 0.004
-4.14828e+06 0.001
-4.14821e+06 0.007
-4.14818e+06 0.001
-4.14816e+06 0.003
-4.14816e+06 0.01
-4.14814e+06 0.003
-4.14812e+06 0.003
-4.14806e+06 0.005
-4.14803e+06 0.004
-4.148e+06 0.004
-4.148e+06 0.007
-4.14799e+06 0.001
-4.14795e+06 0.004
-4.14795e+06 0.001
-4.14788e+06 0.002
-4.14786e+06 0.002
-4.14782e+06 0.005
-4.14778e+06 0.001
-4.14774e+06 0.017
-4.14768e+06 0.001
-4.14766e+06 0.003
-4.14763e+06 0.003
-4.14727e+06 0.002
-4.14726e+06 0.001
-4.14577e+06 0.001
-4.14576e+06 0.001
-4.14569e+06 0.001
-4.14442e+06 0.001
-4.14426e+06 0.001
-4.14425e+06 0.002
-4.14424e+06 0.001
-4.14417e+06 0.001
-4.14414e+06 0.001
-4.14412e+06 0.004
-4.14406e+06 0.002
-4.14396e+06 0.001
-4.14387e+06 0.002
-4.14386e+06 0.004
-4.14385e+06 0.004
-4.14374e+06 0.001
-4.1437e+06 0.005
-4.14359e+06 0.003
-4.14354e+06 0.001
-4.14347e+06 0.005
-4.14343e+06 0.002
-4.14339e+06 0.006
-4.14335e+06 0.001
-4.1433e+06 0.003
-4.14325e+06 0.004
-4.14323e+06 0.001
-4.14323e+06 0.003
-4.14313e+06 0.003
-4.14309e+06 0.001
-4.14308e+06 0.001
-4.14282e+06 0.003
-4.14262e+06 0.002
-4.13985e+06 0.001
-4.13836e+06 0.001
-4.13811e+06 0.003
-4.13808e+06 0.001
-4.13804e+06 0.001
-4.13802e+06 0.001
-4.13775e+06 0.001
-4.13757e+06 0.001
-4.13757e+06 0.002
-4.13735e+06 0.003
-4.13724e+06 0.001
-4.13698e+06 0.006
-4.13696e+06 0.001
-4.13602e+06 0.004
-4.13593e+06 0.009
-4.13593e+06 0.003
-4.1359e+06 0.002
-4.13588e+06 0.001
-4.13586e+06 0.002
-4.13586e+06 0.001
-4.13583e+06 0.001
-4.13582e+06 0.006
-4.13581e+06 0.002
-4.1358e+06 0.001
-4.13578e+06 0.001
-4.13578e+06 0.003
-4.13572e+06 0.002
-4.13572e+06 0.001
-4.1357e+06 0.001
-4.1357e+06 0.006
-4.1357e+06 0.004
-4.13568e+06 0.002
-4.13566e+06 0.001
-4.13566e+06 0.001
-4.13565e+06 0.002
-4.13564e+06 0.001
-4.13564e+06 0.001
-4.13563e+06 0.001
-4.1356e+06 0.002
-4.1356e+06 0.001
-4.13557e+06 0.003
-4.13557e+06 0.004
-4.13556e+06 0.001
-4.13556e+06 0.002
-4.13551e+06 0.001
-4.13549e+06 0.003
-4.13549e+06 0.001
-4.13548e+06 0.002
-4.13547e+06 0.006
-4.13545e+06 0.001
-4.13537e+06 0.001
-4.13534e+06 0.001
-4.13532e+06 0.003
-4.13528e+06 0.001
-4.13527e+06 0.001
-4.13526e+06 0.002
-4.13525e+06 0.004
-4.13525e+06 0.008
-4.13524e+06 0.005
-4.13524e+06 0.001
-4.13522e+06 0.001
-4.13521e+06 0.001
-4.1352e+06 0.002
-4.13519e+06 0.003
-4.13509e+06 0.002
-4.13508e+06 0.002
-4.13507e+06 0.001
-4.13498e+06 0.002
-4.13496e+06 0.003
-4.13491e+06 0.003
-4.1349e+06 0.001
-4.1349e+06 0.002
-4.13489e+06 0.001
-4.13488e+06 0.002
-4.13486e+06 0.001
-4.13485e+06 0.002
-4.13485e+06 0.003
-4.13484e+06 0.001
-4.13483e+06 0.001
-4.1348e+06 0.002
-4.13477e+06 0.001
-4.13476e+06 0.002
-4.13475e+06 0.007
-4.13475e+06 0.001
-4.13472e+06 0.004
-4.13467e+06 0.001
-4.13466e+06 0.001
-4.13465e+06 0.001
-4.13462e+06 0.001
-4.13461e+06 0.002
-4.13458e+06 0.002
-4.13457e+06 0.001
-4.13454e+06 0.001
-4.13444e+06 0.002
-4.13444e+06 0.001
-4.13443e+06 0.001
-4.13442e+06 0.003
-4.1344e+06 0.001
-4.13438e+06 0.006
-4.13434e+06 0.002
-4.13424e+06 0.001
-4.13406e+06 0.002
-4.134e+06 0.001
-4.13375e+06 0.002
-4.13345e+06 0.001
-4.12992e+06 0.001
-4.12932e+06 0.001
-4.12927e+06 0.001
-4.12688e+06 0.001
-4.11168e+06 0.001
-4.11166e+06 0.001
-4.11164e+06 0.001
-4.11158e+06 0.002
-4.11151e+06 0.001
-4.11148e+06 0.002
-4.11148e+06 0.001
-4.11147e+06 0.007
-4.11146e+06 0.001
-4.11145e+06 0.001
-4.11133e+06 0.001
-4.11108e+06 0.002
-4.11106e+06 0.004
-4.11105e+06 0.002
-4.11103e+06 0.003
-4.11086e+06 0.001
-4.11084e+06 0.003
-4.11079e+06 0.002
-4.11057e+06 0.001
-4.11057e+06 0.001
-4.11056e+06 0.001
-4.11004e+06 0.004
-4.11002e+06 0.001
-4.10948e+06 0.001
-4.10847e+06 0.001
-4.10833e+06 0.001
-4.10832e+06 0.003
-4.10811e+06 0.001
-4.1081e+06 0.001
-4.1079e+06 0.003
-4.09741e+06 0.002
-4.09711e+06 0.001
-4.08967e+06 0.003
-4.0876e+06 0.001
-4.08754e+06 0.001
-4.08752e+06 0.002
-4.08746e+06 0.001
-4.0873e+06 0.001
-4.08018e+06 0.001
-4.08008e+06 0.001
-4.07922e+06 0.002
-4.07826e+06 0.001
-4.076e+06 0.001
-4.0387e+06 0.001
-4.01708e+06 0.001
-3.84196e+06 0.001
-3.82304e+06 0.002
-3.75943e+06 0.001
-3.54476e+06 0.001
-3.36242e+06 0.001
-3.19649e+06 0.001
-3.19642e+06 0.001
-3.19604e+06 0.001
-3.19042e+06 0.001
-3.19024e+06 0.003
-3.18506e+06 0.003
-3.18203e+06 0.001
-3.17885e+06 0.001
-3.16898e+06 0.001
-3.164e+06 0.001
-3.15764e+06 0.001
-2.98184e+06 0.001
-2.84166e+06 0.001
-2.78803e+06 0.003
-2.7148e+06 0.002
-2.70916e+06 0.001
-2.67782e+06 0.001
-2.67737e+06 0.002
-2.67677e+06 0.001
-2.67332e+06 0.001
-2.67221e+06 0.001
-2.66906e+06 0.002
-2.55706e+06 0.001
-2.49527e+06 0.001
-2.49514e+06 0.003
-2.47167e+06 0.001
-2.40501e+06 0.001
-2.30818e+06 0.001
-2.30101e+06 0.001
-2.27302e+06 0.001
-2.24219e+06 0.002
-2.21552e+06 0.001
-2.2013e+06 0.001
-2.20098e+06 0.001
-2.19602e+06 0.001
-2.19471e+06 0.001
-2.18075e+06 0.001
-2.17984e+06 0.001
-2.17569e+06 0.001
-1.8448e+06 0.001
-1.42279e+06 0.001
-353759 0.001
-350316 0.001
-271341 0.001
-266637 0.001
-151735 0.001
