[double3(13.825800000000,0.000000000000,0.000000000000),double3(-6.912900000000,11.973494027643,0.000000000000),double3(0.000000000000,0.000000000000,14.881300000000)]

double3(0.218730000000,0.110286666667,0.219705000000),
double3(0.499345000000,0.075663333333,0.052980000000),
double3(0.332680000000,0.186773333333,0.219650000000),
double3(0.166015000000,0.297883333333,0.386315000000),
double3(0.386505000000,0.257236666667,0.052980000000),
double3(0.219840000000,0.035013333333,0.219650000000),
double3(0.053175000000,0.146123333333,0.386315000000),
double3(0.114145000000,0.000436666667,0.052980000000),
double3(0.447480000000,0.111546666667,0.219650000000),
double3(0.280815000000,0.222656666667,0.386315000000),
double3(0.385395000000,0.332510000000,0.053040000000),
double3(0.052065000000,0.221396666667,0.386375000000),
double3(0.113365000000,0.076403333333,0.053040000000),
double3(0.446700000000,0.187513333333,0.219705000000),
double3(0.280035000000,0.298623333333,0.386375000000),
double3(0.001235000000,0.257756666667,0.053040000000),
double3(0.334570000000,0.035533333333,0.219705000000),
double3(0.167905000000,0.146643333333,0.386375000000),
double3(0.000645000000,0.257670000000,0.447025000000),
double3(0.333975000000,0.035450000000,0.113695000000),
double3(0.167310000000,0.146560000000,0.280360000000),
double3(0.113495000000,0.076090000000,0.447025000000),
double3(0.446825000000,0.187203333333,0.113695000000),
double3(0.280160000000,0.298313333333,0.280360000000),
double3(0.385865000000,0.332903333333,0.447025000000),
double3(0.219195000000,0.110683333333,0.113695000000),
double3(0.052530000000,0.221793333333,0.280360000000),
double3(0.114600000000,0.000820000000,0.446975000000),
double3(0.447935000000,0.111930000000,0.113640000000),
double3(0.281265000000,0.223040000000,0.280310000000),
double3(0.386630000000,0.256933333333,0.446975000000),
double3(0.219960000000,0.034710000000,0.113640000000),
double3(0.053295000000,0.145823333333,0.280310000000),
double3(0.498770000000,0.075580000000,0.446975000000),
double3(0.332105000000,0.186693333333,0.113640000000),
double3(0.165440000000,0.297803333333,0.280310000000),
double3(0.258075000000,0.084786666667,0.244150000000),
double3(0.450045000000,0.032266666667,0.062465000000),
double3(0.283380000000,0.143376666667,0.229130000000),
double3(0.116710000000,0.254486666667,0.395800000000),
double3(0.451600000000,0.267766666667,0.062465000000),
double3(0.284935000000,0.045543333333,0.229130000000),
double3(0.118270000000,0.156653333333,0.395800000000),
double3(0.098350000000,0.033303333333,0.062465000000),
double3(0.431685000000,0.144413333333,0.229130000000),
double3(0.265020000000,0.255526666667,0.395800000000),
double3(0.049955000000,0.301066666667,0.437525000000),
double3(0.383290000000,0.078843333333,0.104195000000),
double3(0.216625000000,0.189956666667,0.270860000000),
double3(0.048400000000,0.065570000000,0.437525000000),
double3(0.381735000000,0.176680000000,0.104195000000),
double3(0.215065000000,0.287793333333,0.270860000000),
double3(0.401645000000,0.300030000000,0.437525000000),
double3(0.234980000000,0.077806666667,0.104195000000),
double3(0.068310000000,0.188916666667,0.270860000000),
double3(0.491565000000,0.105503333333,0.083335000000),
double3(0.324900000000,0.216613333333,0.250005000000),
double3(0.158230000000,0.327726666667,0.416670000000),
double3(0.341745000000,0.222222223333,0.083335000000),
double3(0.175080000000,0.333316666667,0.250005000000),
double3(0.008410000000,0.111096666667,0.416670000000),
double3(0.166690000000,0.005623333333,0.083335000000),
double3(0.000025000000,0.116733333333,0.250005000000),
double3(0.333333335000,0.227846666667,0.416670000000),
double3(0.341770000000,0.005606666667,0.083335000000),
double3(0.175100000000,0.116720000000,0.250000000000),
double3(0.008435000000,0.227830000000,0.416665000000),
double3(0.166645000000,0.105486666667,0.083335000000),
double3(0.499975000000,0.216600000000,0.250000000000),
double3(0.333333335000,0.327710000000,0.416665000000),
double3(0.491590000000,0.222222223333,0.083335000000),
double3(0.324920000000,0.000016666667,0.250000000000),
double3(0.158255000000,0.111126666667,0.416665000000),
double3(0.060010000000,0.081063333333,0.066970000000),
double3(0.393340000000,0.192173333333,0.233635000000),
double3(0.226675000000,0.303286666667,0.400305000000),
double3(0.378405000000,0.292276666667,0.066970000000),
double3(0.211740000000,0.070053333333,0.233635000000),
double3(0.045070000000,0.181163333333,0.400305000000),
double3(0.061585000000,0.293326666667,0.066970000000),
double3(0.394920000000,0.071106666667,0.233635000000),
double3(0.228255000000,0.182216666667,0.400305000000),
double3(0.439985000000,0.252263333333,0.433040000000),
double3(0.273320000000,0.030043333333,0.099710000000),
double3(0.106650000000,0.141153333333,0.266375000000),
double3(0.121605000000,0.041056666667,0.433040000000),
double3(0.454935000000,0.152170000000,0.099710000000),
double3(0.288270000000,0.263280000000,0.266375000000),
double3(0.438415000000,0.040010000000,0.433040000000),
double3(0.271745000000,0.151120000000,0.099710000000),
double3(0.105080000000,0.262233333333,0.266375000000),
double3(0.499955000000,0.086606666667,0.000000000000),
double3(0.333290000000,0.197720000000,0.166666665000),
double3(0.166620000000,0.308830000000,0.333333335000),
double3(0.370090000000,0.246693333333,0.000000000000),
double3(0.203420000000,0.024473333333,0.166666665000),
double3(0.036755000000,0.135583333333,0.333333335000),
double3(0.129960000000,0.000030000000,0.000000000000),
double3(0.463290000000,0.111140000000,0.166666665000),
double3(0.296625000000,0.222253333333,0.333333335000),
double3(0.370040000000,0.333303333333,0.000005000000),
double3(0.203375000000,0.111080000000,0.166666665000),
double3(0.036710000000,0.222193333333,0.333333335000),
double3(0.129915000000,0.086640000000,0.000005000000),
double3(0.463245000000,0.197750000000,0.166666665000),
double3(0.296580000000,0.308860000000,0.333333335000),
double3(0.000045000000,0.246723333333,0.000005000000),
double3(0.333380000000,0.024503333333,0.166666665000),
double3(0.166710000000,0.135613333333,0.333333335000),
double3(0.218730000000,0.110286666667,0.719705000000),
double3(0.499345000000,0.075663333333,0.552980000000),
double3(0.332680000000,0.186773333333,0.719650000000),
double3(0.166015000000,0.297883333333,0.886315000000),
double3(0.386505000000,0.257236666667,0.552980000000),
double3(0.219840000000,0.035013333333,0.719650000000),
double3(0.053175000000,0.146123333333,0.886315000000),
double3(0.114145000000,0.000436666667,0.552980000000),
double3(0.447480000000,0.111546666667,0.719650000000),
double3(0.280815000000,0.222656666667,0.886315000000),
double3(0.385395000000,0.332510000000,0.553040000000),
double3(0.052065000000,0.221396666667,0.886375000000),
double3(0.113365000000,0.076403333333,0.553040000000),
double3(0.446700000000,0.187513333333,0.719705000000),
double3(0.280035000000,0.298623333333,0.886375000000),
double3(0.001235000000,0.257756666667,0.553040000000),
double3(0.334570000000,0.035533333333,0.719705000000),
double3(0.167905000000,0.146643333333,0.886375000000),
double3(0.000645000000,0.257670000000,0.947025000000),
double3(0.333975000000,0.035450000000,0.613695000000),
double3(0.167310000000,0.146560000000,0.780360000000),
double3(0.113495000000,0.076090000000,0.947025000000),
double3(0.446825000000,0.187203333333,0.613695000000),
double3(0.280160000000,0.298313333333,0.780360000000),
double3(0.385865000000,0.332903333333,0.947025000000),
double3(0.219195000000,0.110683333333,0.613695000000),
double3(0.052530000000,0.221793333333,0.780360000000),
double3(0.114600000000,0.000820000000,0.946975000000),
double3(0.447935000000,0.111930000000,0.613640000000),
double3(0.281265000000,0.223040000000,0.780310000000),
double3(0.386630000000,0.256933333333,0.946975000000),
double3(0.219960000000,0.034710000000,0.613640000000),
double3(0.053295000000,0.145823333333,0.780310000000),
double3(0.498770000000,0.075580000000,0.946975000000),
double3(0.332105000000,0.186693333333,0.613640000000),
double3(0.165440000000,0.297803333333,0.780310000000),
double3(0.258075000000,0.084786666667,0.744150000000),
double3(0.450045000000,0.032266666667,0.562465000000),
double3(0.283380000000,0.143376666667,0.729130000000),
double3(0.116710000000,0.254486666667,0.895800000000),
double3(0.451600000000,0.267766666667,0.562465000000),
double3(0.284935000000,0.045543333333,0.729130000000),
double3(0.118270000000,0.156653333333,0.895800000000),
double3(0.098350000000,0.033303333333,0.562465000000),
double3(0.431685000000,0.144413333333,0.729130000000),
double3(0.265020000000,0.255526666667,0.895800000000),
double3(0.049955000000,0.301066666667,0.937525000000),
double3(0.383290000000,0.078843333333,0.604195000000),
double3(0.216625000000,0.189956666667,0.770860000000),
double3(0.048400000000,0.065570000000,0.937525000000),
double3(0.381735000000,0.176680000000,0.604195000000),
double3(0.215065000000,0.287793333333,0.770860000000),
double3(0.401645000000,0.300030000000,0.937525000000),
double3(0.234980000000,0.077806666667,0.604195000000),
double3(0.068310000000,0.188916666667,0.770860000000),
double3(0.491565000000,0.105503333333,0.583335000000),
double3(0.324900000000,0.216613333333,0.750005000000),
double3(0.158230000000,0.327726666667,0.916670000000),
double3(0.341745000000,0.222222223333,0.583335000000),
double3(0.175080000000,0.333316666667,0.750005000000),
double3(0.008410000000,0.111096666667,0.916670000000),
double3(0.166690000000,0.005623333333,0.583335000000),
double3(0.000025000000,0.116733333333,0.750005000000),
double3(0.333333335000,0.227846666667,0.916670000000),
double3(0.341770000000,0.005606666667,0.583335000000),
double3(0.175100000000,0.116720000000,0.750000000000),
double3(0.008435000000,0.227830000000,0.916665000000),
double3(0.166645000000,0.105486666667,0.583335000000),
double3(0.499975000000,0.216600000000,0.750000000000),
double3(0.333333335000,0.327710000000,0.916665000000),
double3(0.491590000000,0.222222223333,0.583335000000),
double3(0.324920000000,0.000016666667,0.750000000000),
double3(0.158255000000,0.111126666667,0.916665000000),
double3(0.060010000000,0.081063333333,0.566970000000),
double3(0.393340000000,0.192173333333,0.733635000000),
double3(0.226675000000,0.303286666667,0.900305000000),
double3(0.378405000000,0.292276666667,0.566970000000),
double3(0.211740000000,0.070053333333,0.733635000000),
double3(0.045070000000,0.181163333333,0.900305000000),
double3(0.061585000000,0.293326666667,0.566970000000),
double3(0.394920000000,0.071106666667,0.733635000000),
double3(0.228255000000,0.182216666667,0.900305000000),
double3(0.439985000000,0.252263333333,0.933040000000),
double3(0.273320000000,0.030043333333,0.599710000000),
double3(0.106650000000,0.141153333333,0.766375000000),
double3(0.121605000000,0.041056666667,0.933040000000),
double3(0.454935000000,0.152170000000,0.599710000000),
double3(0.288270000000,0.263280000000,0.766375000000),
double3(0.438415000000,0.040010000000,0.933040000000),
double3(0.271745000000,0.151120000000,0.599710000000),
double3(0.105080000000,0.262233333333,0.766375000000),
double3(0.499955000000,0.086606666667,0.500000000000),
double3(0.333290000000,0.197720000000,0.666666665000),
double3(0.166620000000,0.308830000000,0.833333335000),
double3(0.370090000000,0.246693333333,0.500000000000),
double3(0.203420000000,0.024473333333,0.666666665000),
double3(0.036755000000,0.135583333333,0.833333335000),
double3(0.129960000000,0.000030000000,0.500000000000),
double3(0.463290000000,0.111140000000,0.666666665000),
double3(0.296625000000,0.222253333333,0.833333335000),
double3(0.370040000000,0.333303333333,0.500005000000),
double3(0.203375000000,0.111080000000,0.666666665000),
double3(0.036710000000,0.222193333333,0.833333335000),
double3(0.129915000000,0.086640000000,0.500005000000),
double3(0.463245000000,0.197750000000,0.666666665000),
double3(0.296580000000,0.308860000000,0.833333335000),
double3(0.000045000000,0.246723333333,0.500005000000),
double3(0.333380000000,0.024503333333,0.666666665000),
double3(0.166710000000,0.135613333333,0.833333335000),
double3(0.218730000000,0.443620000000,0.219705000000),
double3(0.499345000000,0.408996666667,0.052980000000),
double3(0.332680000000,0.520106666667,0.219650000000),
double3(0.166015000000,0.631216666667,0.386315000000),
double3(0.386505000000,0.590570000000,0.052980000000),
double3(0.219840000000,0.368346666667,0.219650000000),
double3(0.053175000000,0.479456666667,0.386315000000),
double3(0.114145000000,0.333770000000,0.052980000000),
double3(0.447480000000,0.444880000000,0.219650000000),
double3(0.280815000000,0.555990000000,0.386315000000),
double3(0.385395000000,0.665843333333,0.053040000000),
double3(0.052065000000,0.554730000000,0.386375000000),
double3(0.113365000000,0.409736666667,0.053040000000),
double3(0.446700000000,0.520846666667,0.219705000000),
double3(0.280035000000,0.631956666667,0.386375000000),
double3(0.001235000000,0.591090000000,0.053040000000),
double3(0.334570000000,0.368866666667,0.219705000000),
double3(0.167905000000,0.479976666667,0.386375000000),
double3(0.000645000000,0.591003333333,0.447025000000),
double3(0.333975000000,0.368783333333,0.113695000000),
double3(0.167310000000,0.479893333333,0.280360000000),
double3(0.113495000000,0.409423333333,0.447025000000),
double3(0.446825000000,0.520536666667,0.113695000000),
double3(0.280160000000,0.631646666667,0.280360000000),
double3(0.385865000000,0.666236666667,0.447025000000),
double3(0.219195000000,0.444016666667,0.113695000000),
double3(0.052530000000,0.555126666667,0.280360000000),
double3(0.114600000000,0.334153333333,0.446975000000),
double3(0.447935000000,0.445263333333,0.113640000000),
double3(0.281265000000,0.556373333333,0.280310000000),
double3(0.386630000000,0.590266666667,0.446975000000),
double3(0.219960000000,0.368043333333,0.113640000000),
double3(0.053295000000,0.479156666667,0.280310000000),
double3(0.498770000000,0.408913333333,0.446975000000),
double3(0.332105000000,0.520026666667,0.113640000000),
double3(0.165440000000,0.631136666667,0.280310000000),
double3(0.258075000000,0.418120000000,0.244150000000),
double3(0.450045000000,0.365600000000,0.062465000000),
double3(0.283380000000,0.476710000000,0.229130000000),
double3(0.116710000000,0.587820000000,0.395800000000),
double3(0.451600000000,0.601100000000,0.062465000000),
double3(0.284935000000,0.378876666667,0.229130000000),
double3(0.118270000000,0.489986666667,0.395800000000),
double3(0.098350000000,0.366636666667,0.062465000000),
double3(0.431685000000,0.477746666667,0.229130000000),
double3(0.265020000000,0.588860000000,0.395800000000),
double3(0.049955000000,0.634400000000,0.437525000000),
double3(0.383290000000,0.412176666667,0.104195000000),
double3(0.216625000000,0.523290000000,0.270860000000),
double3(0.048400000000,0.398903333333,0.437525000000),
double3(0.381735000000,0.510013333333,0.104195000000),
double3(0.215065000000,0.621126666667,0.270860000000),
double3(0.401645000000,0.633363333333,0.437525000000),
double3(0.234980000000,0.411140000000,0.104195000000),
double3(0.068310000000,0.522250000000,0.270860000000),
double3(0.491565000000,0.438836666667,0.083335000000),
double3(0.324900000000,0.549946666667,0.250005000000),
double3(0.158230000000,0.661060000000,0.416670000000),
double3(0.341745000000,0.555555556667,0.083335000000),
double3(0.175080000000,0.666650000000,0.250005000000),
double3(0.008410000000,0.444430000000,0.416670000000),
double3(0.166690000000,0.338956666667,0.083335000000),
double3(0.000025000000,0.450066666667,0.250005000000),
double3(0.333333335000,0.561180000000,0.416670000000),
double3(0.341770000000,0.338940000000,0.083335000000),
double3(0.175100000000,0.450053333333,0.250000000000),
double3(0.008435000000,0.561163333333,0.416665000000),
double3(0.166645000000,0.438820000000,0.083335000000),
double3(0.499975000000,0.549933333333,0.250000000000),
double3(0.333333335000,0.661043333333,0.416665000000),
double3(0.491590000000,0.555555556667,0.083335000000),
double3(0.324920000000,0.333350000000,0.250000000000),
double3(0.158255000000,0.444460000000,0.416665000000),
double3(0.060010000000,0.414396666667,0.066970000000),
double3(0.393340000000,0.525506666667,0.233635000000),
double3(0.226675000000,0.636620000000,0.400305000000),
double3(0.378405000000,0.625610000000,0.066970000000),
double3(0.211740000000,0.403386666667,0.233635000000),
double3(0.045070000000,0.514496666667,0.400305000000),
double3(0.061585000000,0.626660000000,0.066970000000),
double3(0.394920000000,0.404440000000,0.233635000000),
double3(0.228255000000,0.515550000000,0.400305000000),
double3(0.439985000000,0.585596666667,0.433040000000),
double3(0.273320000000,0.363376666667,0.099710000000),
double3(0.106650000000,0.474486666667,0.266375000000),
double3(0.121605000000,0.374390000000,0.433040000000),
double3(0.454935000000,0.485503333333,0.099710000000),
double3(0.288270000000,0.596613333333,0.266375000000),
double3(0.438415000000,0.373343333333,0.433040000000),
double3(0.271745000000,0.484453333333,0.099710000000),
double3(0.105080000000,0.595566666667,0.266375000000),
double3(0.499955000000,0.419940000000,0.000000000000),
double3(0.333290000000,0.531053333333,0.166666665000),
double3(0.166620000000,0.642163333333,0.333333335000),
double3(0.370090000000,0.580026666667,0.000000000000),
double3(0.203420000000,0.357806666667,0.166666665000),
double3(0.036755000000,0.468916666667,0.333333335000),
double3(0.129960000000,0.333363333333,0.000000000000),
double3(0.463290000000,0.444473333333,0.166666665000),
double3(0.296625000000,0.555586666667,0.333333335000),
double3(0.370040000000,0.666636666667,0.000005000000),
double3(0.203375000000,0.444413333333,0.166666665000),
double3(0.036710000000,0.555526666667,0.333333335000),
double3(0.129915000000,0.419973333333,0.000005000000),
double3(0.463245000000,0.531083333333,0.166666665000),
double3(0.296580000000,0.642193333333,0.333333335000),
double3(0.000045000000,0.580056666667,0.000005000000),
double3(0.333380000000,0.357836666667,0.166666665000),
double3(0.166710000000,0.468946666667,0.333333335000),
double3(0.218730000000,0.443620000000,0.719705000000),
double3(0.499345000000,0.408996666667,0.552980000000),
double3(0.332680000000,0.520106666667,0.719650000000),
double3(0.166015000000,0.631216666667,0.886315000000),
double3(0.386505000000,0.590570000000,0.552980000000),
double3(0.219840000000,0.368346666667,0.719650000000),
double3(0.053175000000,0.479456666667,0.886315000000),
double3(0.114145000000,0.333770000000,0.552980000000),
double3(0.447480000000,0.444880000000,0.719650000000),
double3(0.280815000000,0.555990000000,0.886315000000),
double3(0.385395000000,0.665843333333,0.553040000000),
double3(0.052065000000,0.554730000000,0.886375000000),
double3(0.113365000000,0.409736666667,0.553040000000),
double3(0.446700000000,0.520846666667,0.719705000000),
double3(0.280035000000,0.631956666667,0.886375000000),
double3(0.001235000000,0.591090000000,0.553040000000),
double3(0.334570000000,0.368866666667,0.719705000000),
double3(0.167905000000,0.479976666667,0.886375000000),
double3(0.000645000000,0.591003333333,0.947025000000),
double3(0.333975000000,0.368783333333,0.613695000000),
double3(0.167310000000,0.479893333333,0.780360000000),
double3(0.113495000000,0.409423333333,0.947025000000),
double3(0.446825000000,0.520536666667,0.613695000000),
double3(0.280160000000,0.631646666667,0.780360000000),
double3(0.385865000000,0.666236666667,0.947025000000),
double3(0.219195000000,0.444016666667,0.613695000000),
double3(0.052530000000,0.555126666667,0.780360000000),
double3(0.114600000000,0.334153333333,0.946975000000),
double3(0.447935000000,0.445263333333,0.613640000000),
double3(0.281265000000,0.556373333333,0.780310000000),
double3(0.386630000000,0.590266666667,0.946975000000),
double3(0.219960000000,0.368043333333,0.613640000000),
double3(0.053295000000,0.479156666667,0.780310000000),
double3(0.498770000000,0.408913333333,0.946975000000),
double3(0.332105000000,0.520026666667,0.613640000000),
double3(0.165440000000,0.631136666667,0.780310000000),
double3(0.258075000000,0.418120000000,0.744150000000),
double3(0.450045000000,0.365600000000,0.562465000000),
double3(0.283380000000,0.476710000000,0.729130000000),
double3(0.116710000000,0.587820000000,0.895800000000),
double3(0.451600000000,0.601100000000,0.562465000000),
double3(0.284935000000,0.378876666667,0.729130000000),
double3(0.118270000000,0.489986666667,0.895800000000),
double3(0.098350000000,0.366636666667,0.562465000000),
double3(0.431685000000,0.477746666667,0.729130000000),
double3(0.265020000000,0.588860000000,0.895800000000),
double3(0.049955000000,0.634400000000,0.937525000000),
double3(0.383290000000,0.412176666667,0.604195000000),
double3(0.216625000000,0.523290000000,0.770860000000),
double3(0.048400000000,0.398903333333,0.937525000000),
double3(0.381735000000,0.510013333333,0.604195000000),
double3(0.215065000000,0.621126666667,0.770860000000),
double3(0.401645000000,0.633363333333,0.937525000000),
double3(0.234980000000,0.411140000000,0.604195000000),
double3(0.068310000000,0.522250000000,0.770860000000),
double3(0.491565000000,0.438836666667,0.583335000000),
double3(0.324900000000,0.549946666667,0.750005000000),
double3(0.158230000000,0.661060000000,0.916670000000),
double3(0.341745000000,0.555555556667,0.583335000000),
double3(0.175080000000,0.666650000000,0.750005000000),
double3(0.008410000000,0.444430000000,0.916670000000),
double3(0.166690000000,0.338956666667,0.583335000000),
double3(0.000025000000,0.450066666667,0.750005000000),
double3(0.333333335000,0.561180000000,0.916670000000),
double3(0.341770000000,0.338940000000,0.583335000000),
double3(0.175100000000,0.450053333333,0.750000000000),
double3(0.008435000000,0.561163333333,0.916665000000),
double3(0.166645000000,0.438820000000,0.583335000000),
double3(0.499975000000,0.549933333333,0.750000000000),
double3(0.333333335000,0.661043333333,0.916665000000),
double3(0.491590000000,0.555555556667,0.583335000000),
double3(0.324920000000,0.333350000000,0.750000000000),
double3(0.158255000000,0.444460000000,0.916665000000),
double3(0.060010000000,0.414396666667,0.566970000000),
double3(0.393340000000,0.525506666667,0.733635000000),
double3(0.226675000000,0.636620000000,0.900305000000),
double3(0.378405000000,0.625610000000,0.566970000000),
double3(0.211740000000,0.403386666667,0.733635000000),
double3(0.045070000000,0.514496666667,0.900305000000),
double3(0.061585000000,0.626660000000,0.566970000000),
double3(0.394920000000,0.404440000000,0.733635000000),
double3(0.228255000000,0.515550000000,0.900305000000),
double3(0.439985000000,0.585596666667,0.933040000000),
double3(0.273320000000,0.363376666667,0.599710000000),
double3(0.106650000000,0.474486666667,0.766375000000),
double3(0.121605000000,0.374390000000,0.933040000000),
double3(0.454935000000,0.485503333333,0.599710000000),
double3(0.288270000000,0.596613333333,0.766375000000),
double3(0.438415000000,0.373343333333,0.933040000000),
double3(0.271745000000,0.484453333333,0.599710000000),
double3(0.105080000000,0.595566666667,0.766375000000),
double3(0.499955000000,0.419940000000,0.500000000000),
double3(0.333290000000,0.531053333333,0.666666665000),
double3(0.166620000000,0.642163333333,0.833333335000),
double3(0.370090000000,0.580026666667,0.500000000000),
double3(0.203420000000,0.357806666667,0.666666665000),
double3(0.036755000000,0.468916666667,0.833333335000),
double3(0.129960000000,0.333363333333,0.500000000000),
double3(0.463290000000,0.444473333333,0.666666665000),
double3(0.296625000000,0.555586666667,0.833333335000),
double3(0.370040000000,0.666636666667,0.500005000000),
double3(0.203375000000,0.444413333333,0.666666665000),
double3(0.036710000000,0.555526666667,0.833333335000),
double3(0.129915000000,0.419973333333,0.500005000000),
double3(0.463245000000,0.531083333333,0.666666665000),
double3(0.296580000000,0.642193333333,0.833333335000),
double3(0.000045000000,0.580056666667,0.500005000000),
double3(0.333380000000,0.357836666667,0.666666665000),
double3(0.166710000000,0.468946666667,0.833333335000),
double3(0.218730000000,0.776953333333,0.219705000000),
double3(0.499345000000,0.742330000000,0.052980000000),
double3(0.332680000000,0.853440000000,0.219650000000),
double3(0.166015000000,0.964550000000,0.386315000000),
double3(0.386505000000,0.923903333333,0.052980000000),
double3(0.219840000000,0.701680000000,0.219650000000),
double3(0.053175000000,0.812790000000,0.386315000000),
double3(0.114145000000,0.667103333333,0.052980000000),
double3(0.447480000000,0.778213333333,0.219650000000),
double3(0.280815000000,0.889323333333,0.386315000000),
double3(0.385395000000,0.999176666667,0.053040000000),
double3(0.052065000000,0.888063333333,0.386375000000),
double3(0.113365000000,0.743070000000,0.053040000000),
double3(0.446700000000,0.854180000000,0.219705000000),
double3(0.280035000000,0.965290000000,0.386375000000),
double3(0.001235000000,0.924423333333,0.053040000000),
double3(0.334570000000,0.702200000000,0.219705000000),
double3(0.167905000000,0.813310000000,0.386375000000),
double3(0.000645000000,0.924336666667,0.447025000000),
double3(0.333975000000,0.702116666667,0.113695000000),
double3(0.167310000000,0.813226666667,0.280360000000),
double3(0.113495000000,0.742756666667,0.447025000000),
double3(0.446825000000,0.853870000000,0.113695000000),
double3(0.280160000000,0.964980000000,0.280360000000),
double3(0.385865000000,0.999570000000,0.447025000000),
double3(0.219195000000,0.777350000000,0.113695000000),
double3(0.052530000000,0.888460000000,0.280360000000),
double3(0.114600000000,0.667486666667,0.446975000000),
double3(0.447935000000,0.778596666667,0.113640000000),
double3(0.281265000000,0.889706666667,0.280310000000),
double3(0.386630000000,0.923600000000,0.446975000000),
double3(0.219960000000,0.701376666667,0.113640000000),
double3(0.053295000000,0.812490000000,0.280310000000),
double3(0.498770000000,0.742246666667,0.446975000000),
double3(0.332105000000,0.853360000000,0.113640000000),
double3(0.165440000000,0.964470000000,0.280310000000),
double3(0.258075000000,0.751453333333,0.244150000000),
double3(0.450045000000,0.698933333333,0.062465000000),
double3(0.283380000000,0.810043333333,0.229130000000),
double3(0.116710000000,0.921153333333,0.395800000000),
double3(0.451600000000,0.934433333333,0.062465000000),
double3(0.284935000000,0.712210000000,0.229130000000),
double3(0.118270000000,0.823320000000,0.395800000000),
double3(0.098350000000,0.699970000000,0.062465000000),
double3(0.431685000000,0.811080000000,0.229130000000),
double3(0.265020000000,0.922193333333,0.395800000000),
double3(0.049955000000,0.967733333333,0.437525000000),
double3(0.383290000000,0.745510000000,0.104195000000),
double3(0.216625000000,0.856623333333,0.270860000000),
double3(0.048400000000,0.732236666667,0.437525000000),
double3(0.381735000000,0.843346666667,0.104195000000),
double3(0.215065000000,0.954460000000,0.270860000000),
double3(0.401645000000,0.966696666667,0.437525000000),
double3(0.234980000000,0.744473333333,0.104195000000),
double3(0.068310000000,0.855583333333,0.270860000000),
double3(0.491565000000,0.772170000000,0.083335000000),
double3(0.324900000000,0.883280000000,0.250005000000),
double3(0.158230000000,0.994393333333,0.416670000000),
double3(0.341745000000,0.888888890000,0.083335000000),
double3(0.175080000000,0.999983333333,0.250005000000),
double3(0.008410000000,0.777763333333,0.416670000000),
double3(0.166690000000,0.672290000000,0.083335000000),
double3(0.000025000000,0.783400000000,0.250005000000),
double3(0.333333335000,0.894513333333,0.416670000000),
double3(0.341770000000,0.672273333333,0.083335000000),
double3(0.175100000000,0.783386666667,0.250000000000),
double3(0.008435000000,0.894496666667,0.416665000000),
double3(0.166645000000,0.772153333333,0.083335000000),
double3(0.499975000000,0.883266666667,0.250000000000),
double3(0.333333335000,0.994376666667,0.416665000000),
double3(0.491590000000,0.888888890000,0.083335000000),
double3(0.324920000000,0.666683333333,0.250000000000),
double3(0.158255000000,0.777793333333,0.416665000000),
double3(0.060010000000,0.747730000000,0.066970000000),
double3(0.393340000000,0.858840000000,0.233635000000),
double3(0.226675000000,0.969953333333,0.400305000000),
double3(0.378405000000,0.958943333333,0.066970000000),
double3(0.211740000000,0.736720000000,0.233635000000),
double3(0.045070000000,0.847830000000,0.400305000000),
double3(0.061585000000,0.959993333333,0.066970000000),
double3(0.394920000000,0.737773333333,0.233635000000),
double3(0.228255000000,0.848883333333,0.400305000000),
double3(0.439985000000,0.918930000000,0.433040000000),
double3(0.273320000000,0.696710000000,0.099710000000),
double3(0.106650000000,0.807820000000,0.266375000000),
double3(0.121605000000,0.707723333333,0.433040000000),
double3(0.454935000000,0.818836666667,0.099710000000),
double3(0.288270000000,0.929946666667,0.266375000000),
double3(0.438415000000,0.706676666667,0.433040000000),
double3(0.271745000000,0.817786666667,0.099710000000),
double3(0.105080000000,0.928900000000,0.266375000000),
double3(0.499955000000,0.753273333333,0.000000000000),
double3(0.333290000000,0.864386666667,0.166666665000),
double3(0.166620000000,0.975496666667,0.333333335000),
double3(0.370090000000,0.913360000000,0.000000000000),
double3(0.203420000000,0.691140000000,0.166666665000),
double3(0.036755000000,0.802250000000,0.333333335000),
double3(0.129960000000,0.666696666667,0.000000000000),
double3(0.463290000000,0.777806666667,0.166666665000),
double3(0.296625000000,0.888920000000,0.333333335000),
double3(0.370040000000,0.999970000000,0.000005000000),
double3(0.203375000000,0.777746666667,0.166666665000),
double3(0.036710000000,0.888860000000,0.333333335000),
double3(0.129915000000,0.753306666667,0.000005000000),
double3(0.463245000000,0.864416666667,0.166666665000),
double3(0.296580000000,0.975526666667,0.333333335000),
double3(0.000045000000,0.913390000000,0.000005000000),
double3(0.333380000000,0.691170000000,0.166666665000),
double3(0.166710000000,0.802280000000,0.333333335000),
double3(0.218730000000,0.776953333333,0.719705000000),
double3(0.499345000000,0.742330000000,0.552980000000),
double3(0.332680000000,0.853440000000,0.719650000000),
double3(0.166015000000,0.964550000000,0.886315000000),
double3(0.386505000000,0.923903333333,0.552980000000),
double3(0.219840000000,0.701680000000,0.719650000000),
double3(0.053175000000,0.812790000000,0.886315000000),
double3(0.114145000000,0.667103333333,0.552980000000),
double3(0.447480000000,0.778213333333,0.719650000000),
double3(0.280815000000,0.889323333333,0.886315000000),
double3(0.385395000000,0.999176666667,0.553040000000),
double3(0.052065000000,0.888063333333,0.886375000000),
double3(0.113365000000,0.743070000000,0.553040000000),
double3(0.446700000000,0.854180000000,0.719705000000),
double3(0.280035000000,0.965290000000,0.886375000000),
double3(0.001235000000,0.924423333333,0.553040000000),
double3(0.334570000000,0.702200000000,0.719705000000),
double3(0.167905000000,0.813310000000,0.886375000000),
double3(0.000645000000,0.924336666667,0.947025000000),
double3(0.333975000000,0.702116666667,0.613695000000),
double3(0.167310000000,0.813226666667,0.780360000000),
double3(0.113495000000,0.742756666667,0.947025000000),
double3(0.446825000000,0.853870000000,0.613695000000),
double3(0.280160000000,0.964980000000,0.780360000000),
double3(0.385865000000,0.999570000000,0.947025000000),
double3(0.219195000000,0.777350000000,0.613695000000),
double3(0.052530000000,0.888460000000,0.780360000000),
double3(0.114600000000,0.667486666667,0.946975000000),
double3(0.447935000000,0.778596666667,0.613640000000),
double3(0.281265000000,0.889706666667,0.780310000000),
double3(0.386630000000,0.923600000000,0.946975000000),
double3(0.219960000000,0.701376666667,0.613640000000),
double3(0.053295000000,0.812490000000,0.780310000000),
double3(0.498770000000,0.742246666667,0.946975000000),
double3(0.332105000000,0.853360000000,0.613640000000),
double3(0.165440000000,0.964470000000,0.780310000000),
double3(0.258075000000,0.751453333333,0.744150000000),
double3(0.450045000000,0.698933333333,0.562465000000),
double3(0.283380000000,0.810043333333,0.729130000000),
double3(0.116710000000,0.921153333333,0.895800000000),
double3(0.451600000000,0.934433333333,0.562465000000),
double3(0.284935000000,0.712210000000,0.729130000000),
double3(0.118270000000,0.823320000000,0.895800000000),
double3(0.098350000000,0.699970000000,0.562465000000),
double3(0.431685000000,0.811080000000,0.729130000000),
double3(0.265020000000,0.922193333333,0.895800000000),
double3(0.049955000000,0.967733333333,0.937525000000),
double3(0.383290000000,0.745510000000,0.604195000000),
double3(0.216625000000,0.856623333333,0.770860000000),
double3(0.048400000000,0.732236666667,0.937525000000),
double3(0.381735000000,0.843346666667,0.604195000000),
double3(0.215065000000,0.954460000000,0.770860000000),
double3(0.401645000000,0.966696666667,0.937525000000),
double3(0.234980000000,0.744473333333,0.604195000000),
double3(0.068310000000,0.855583333333,0.770860000000),
double3(0.491565000000,0.772170000000,0.583335000000),
double3(0.324900000000,0.883280000000,0.750005000000),
double3(0.158230000000,0.994393333333,0.916670000000),
double3(0.341745000000,0.888888890000,0.583335000000),
double3(0.175080000000,0.999983333333,0.750005000000),
double3(0.008410000000,0.777763333333,0.916670000000),
double3(0.166690000000,0.672290000000,0.583335000000),
double3(0.000025000000,0.783400000000,0.750005000000),
double3(0.333333335000,0.894513333333,0.916670000000),
double3(0.341770000000,0.672273333333,0.583335000000),
double3(0.175100000000,0.783386666667,0.750000000000),
double3(0.008435000000,0.894496666667,0.916665000000),
double3(0.166645000000,0.772153333333,0.583335000000),
double3(0.499975000000,0.883266666667,0.750000000000),
double3(0.333333335000,0.994376666667,0.916665000000),
double3(0.491590000000,0.888888890000,0.583335000000),
double3(0.324920000000,0.666683333333,0.750000000000),
double3(0.158255000000,0.777793333333,0.916665000000),
double3(0.060010000000,0.747730000000,0.566970000000),
double3(0.393340000000,0.858840000000,0.733635000000),
double3(0.226675000000,0.969953333333,0.900305000000),
double3(0.378405000000,0.958943333333,0.566970000000),
double3(0.211740000000,0.736720000000,0.733635000000),
double3(0.045070000000,0.847830000000,0.900305000000),
double3(0.061585000000,0.959993333333,0.566970000000),
double3(0.394920000000,0.737773333333,0.733635000000),
double3(0.228255000000,0.848883333333,0.900305000000),
double3(0.439985000000,0.918930000000,0.933040000000),
double3(0.273320000000,0.696710000000,0.599710000000),
double3(0.106650000000,0.807820000000,0.766375000000),
double3(0.121605000000,0.707723333333,0.933040000000),
double3(0.454935000000,0.818836666667,0.599710000000),
double3(0.288270000000,0.929946666667,0.766375000000),
double3(0.438415000000,0.706676666667,0.933040000000),
double3(0.271745000000,0.817786666667,0.599710000000),
double3(0.105080000000,0.928900000000,0.766375000000),
double3(0.499955000000,0.753273333333,0.500000000000),
double3(0.333290000000,0.864386666667,0.666666665000),
double3(0.166620000000,0.975496666667,0.833333335000),
double3(0.370090000000,0.913360000000,0.500000000000),
double3(0.203420000000,0.691140000000,0.666666665000),
double3(0.036755000000,0.802250000000,0.833333335000),
double3(0.129960000000,0.666696666667,0.500000000000),
double3(0.463290000000,0.777806666667,0.666666665000),
double3(0.296625000000,0.888920000000,0.833333335000),
double3(0.370040000000,0.999970000000,0.500005000000),
double3(0.203375000000,0.777746666667,0.666666665000),
double3(0.036710000000,0.888860000000,0.833333335000),
double3(0.129915000000,0.753306666667,0.500005000000),
double3(0.463245000000,0.864416666667,0.666666665000),
double3(0.296580000000,0.975526666667,0.833333335000),
double3(0.000045000000,0.913390000000,0.500005000000),
double3(0.333380000000,0.691170000000,0.666666665000),
double3(0.166710000000,0.802280000000,0.833333335000),
double3(0.718730000000,0.110286666667,0.219705000000),
double3(0.999345000000,0.075663333333,0.052980000000),
double3(0.832680000000,0.186773333333,0.219650000000),
double3(0.666015000000,0.297883333333,0.386315000000),
double3(0.886505000000,0.257236666667,0.052980000000),
double3(0.719840000000,0.035013333333,0.219650000000),
double3(0.553175000000,0.146123333333,0.386315000000),
double3(0.614145000000,0.000436666667,0.052980000000),
double3(0.947480000000,0.111546666667,0.219650000000),
double3(0.780815000000,0.222656666667,0.386315000000),
double3(0.885395000000,0.332510000000,0.053040000000),
double3(0.552065000000,0.221396666667,0.386375000000),
double3(0.613365000000,0.076403333333,0.053040000000),
double3(0.946700000000,0.187513333333,0.219705000000),
double3(0.780035000000,0.298623333333,0.386375000000),
double3(0.501235000000,0.257756666667,0.053040000000),
double3(0.834570000000,0.035533333333,0.219705000000),
double3(0.667905000000,0.146643333333,0.386375000000),
double3(0.500645000000,0.257670000000,0.447025000000),
double3(0.833975000000,0.035450000000,0.113695000000),
double3(0.667310000000,0.146560000000,0.280360000000),
double3(0.613495000000,0.076090000000,0.447025000000),
double3(0.946825000000,0.187203333333,0.113695000000),
double3(0.780160000000,0.298313333333,0.280360000000),
double3(0.885865000000,0.332903333333,0.447025000000),
double3(0.719195000000,0.110683333333,0.113695000000),
double3(0.552530000000,0.221793333333,0.280360000000),
double3(0.614600000000,0.000820000000,0.446975000000),
double3(0.947935000000,0.111930000000,0.113640000000),
double3(0.781265000000,0.223040000000,0.280310000000),
double3(0.886630000000,0.256933333333,0.446975000000),
double3(0.719960000000,0.034710000000,0.113640000000),
double3(0.553295000000,0.145823333333,0.280310000000),
double3(0.998770000000,0.075580000000,0.446975000000),
double3(0.832105000000,0.186693333333,0.113640000000),
double3(0.665440000000,0.297803333333,0.280310000000),
double3(0.758075000000,0.084786666667,0.244150000000),
double3(0.950045000000,0.032266666667,0.062465000000),
double3(0.783380000000,0.143376666667,0.229130000000),
double3(0.616710000000,0.254486666667,0.395800000000),
double3(0.951600000000,0.267766666667,0.062465000000),
double3(0.784935000000,0.045543333333,0.229130000000),
double3(0.618270000000,0.156653333333,0.395800000000),
double3(0.598350000000,0.033303333333,0.062465000000),
double3(0.931685000000,0.144413333333,0.229130000000),
double3(0.765020000000,0.255526666667,0.395800000000),
double3(0.549955000000,0.301066666667,0.437525000000),
double3(0.883290000000,0.078843333333,0.104195000000),
double3(0.716625000000,0.189956666667,0.270860000000),
double3(0.548400000000,0.065570000000,0.437525000000),
double3(0.881735000000,0.176680000000,0.104195000000),
double3(0.715065000000,0.287793333333,0.270860000000),
double3(0.901645000000,0.300030000000,0.437525000000),
double3(0.734980000000,0.077806666667,0.104195000000),
double3(0.568310000000,0.188916666667,0.270860000000),
double3(0.991565000000,0.105503333333,0.083335000000),
double3(0.824900000000,0.216613333333,0.250005000000),
double3(0.658230000000,0.327726666667,0.416670000000),
double3(0.841745000000,0.222222223333,0.083335000000),
double3(0.675080000000,0.333316666667,0.250005000000),
double3(0.508410000000,0.111096666667,0.416670000000),
double3(0.666690000000,0.005623333333,0.083335000000),
double3(0.500025000000,0.116733333333,0.250005000000),
double3(0.833333335000,0.227846666667,0.416670000000),
double3(0.841770000000,0.005606666667,0.083335000000),
double3(0.675100000000,0.116720000000,0.250000000000),
double3(0.508435000000,0.227830000000,0.416665000000),
double3(0.666645000000,0.105486666667,0.083335000000),
double3(0.999975000000,0.216600000000,0.250000000000),
double3(0.833333335000,0.327710000000,0.416665000000),
double3(0.991590000000,0.222222223333,0.083335000000),
double3(0.824920000000,0.000016666667,0.250000000000),
double3(0.658255000000,0.111126666667,0.416665000000),
double3(0.560010000000,0.081063333333,0.066970000000),
double3(0.893340000000,0.192173333333,0.233635000000),
double3(0.726675000000,0.303286666667,0.400305000000),
double3(0.878405000000,0.292276666667,0.066970000000),
double3(0.711740000000,0.070053333333,0.233635000000),
double3(0.545070000000,0.181163333333,0.400305000000),
double3(0.561585000000,0.293326666667,0.066970000000),
double3(0.894920000000,0.071106666667,0.233635000000),
double3(0.728255000000,0.182216666667,0.400305000000),
double3(0.939985000000,0.252263333333,0.433040000000),
double3(0.773320000000,0.030043333333,0.099710000000),
double3(0.606650000000,0.141153333333,0.266375000000),
double3(0.621605000000,0.041056666667,0.433040000000),
double3(0.954935000000,0.152170000000,0.099710000000),
double3(0.788270000000,0.263280000000,0.266375000000),
double3(0.938415000000,0.040010000000,0.433040000000),
double3(0.771745000000,0.151120000000,0.099710000000),
double3(0.605080000000,0.262233333333,0.266375000000),
double3(0.999955000000,0.086606666667,0.000000000000),
double3(0.833290000000,0.197720000000,0.166666665000),
double3(0.666620000000,0.308830000000,0.333333335000),
double3(0.870090000000,0.246693333333,0.000000000000),
double3(0.703420000000,0.024473333333,0.166666665000),
double3(0.536755000000,0.135583333333,0.333333335000),
double3(0.629960000000,0.000030000000,0.000000000000),
double3(0.963290000000,0.111140000000,0.166666665000),
double3(0.796625000000,0.222253333333,0.333333335000),
double3(0.870040000000,0.333303333333,0.000005000000),
double3(0.703375000000,0.111080000000,0.166666665000),
double3(0.536710000000,0.222193333333,0.333333335000),
double3(0.629915000000,0.086640000000,0.000005000000),
double3(0.963245000000,0.197750000000,0.166666665000),
double3(0.796580000000,0.308860000000,0.333333335000),
double3(0.500045000000,0.246723333333,0.000005000000),
double3(0.833380000000,0.024503333333,0.166666665000),
double3(0.666710000000,0.135613333333,0.333333335000),
double3(0.718730000000,0.110286666667,0.719705000000),
double3(0.999345000000,0.075663333333,0.552980000000),
double3(0.832680000000,0.186773333333,0.719650000000),
double3(0.666015000000,0.297883333333,0.886315000000),
double3(0.886505000000,0.257236666667,0.552980000000),
double3(0.719840000000,0.035013333333,0.719650000000),
double3(0.553175000000,0.146123333333,0.886315000000),
double3(0.614145000000,0.000436666667,0.552980000000),
double3(0.947480000000,0.111546666667,0.719650000000),
double3(0.780815000000,0.222656666667,0.886315000000),
double3(0.885395000000,0.332510000000,0.553040000000),
double3(0.552065000000,0.221396666667,0.886375000000),
double3(0.613365000000,0.076403333333,0.553040000000),
double3(0.946700000000,0.187513333333,0.719705000000),
double3(0.780035000000,0.298623333333,0.886375000000),
double3(0.501235000000,0.257756666667,0.553040000000),
double3(0.834570000000,0.035533333333,0.719705000000),
double3(0.667905000000,0.146643333333,0.886375000000),
double3(0.500645000000,0.257670000000,0.947025000000),
double3(0.833975000000,0.035450000000,0.613695000000),
double3(0.667310000000,0.146560000000,0.780360000000),
double3(0.613495000000,0.076090000000,0.947025000000),
double3(0.946825000000,0.187203333333,0.613695000000),
double3(0.780160000000,0.298313333333,0.780360000000),
double3(0.885865000000,0.332903333333,0.947025000000),
double3(0.719195000000,0.110683333333,0.613695000000),
double3(0.552530000000,0.221793333333,0.780360000000),
double3(0.614600000000,0.000820000000,0.946975000000),
double3(0.947935000000,0.111930000000,0.613640000000),
double3(0.781265000000,0.223040000000,0.780310000000),
double3(0.886630000000,0.256933333333,0.946975000000),
double3(0.719960000000,0.034710000000,0.613640000000),
double3(0.553295000000,0.145823333333,0.780310000000),
double3(0.998770000000,0.075580000000,0.946975000000),
double3(0.832105000000,0.186693333333,0.613640000000),
double3(0.665440000000,0.297803333333,0.780310000000),
double3(0.758075000000,0.084786666667,0.744150000000),
double3(0.950045000000,0.032266666667,0.562465000000),
double3(0.783380000000,0.143376666667,0.729130000000),
double3(0.616710000000,0.254486666667,0.895800000000),
double3(0.951600000000,0.267766666667,0.562465000000),
double3(0.784935000000,0.045543333333,0.729130000000),
double3(0.618270000000,0.156653333333,0.895800000000),
double3(0.598350000000,0.033303333333,0.562465000000),
double3(0.931685000000,0.144413333333,0.729130000000),
double3(0.765020000000,0.255526666667,0.895800000000),
double3(0.549955000000,0.301066666667,0.937525000000),
double3(0.883290000000,0.078843333333,0.604195000000),
double3(0.716625000000,0.189956666667,0.770860000000),
double3(0.548400000000,0.065570000000,0.937525000000),
double3(0.881735000000,0.176680000000,0.604195000000),
double3(0.715065000000,0.287793333333,0.770860000000),
double3(0.901645000000,0.300030000000,0.937525000000),
double3(0.734980000000,0.077806666667,0.604195000000),
double3(0.568310000000,0.188916666667,0.770860000000),
double3(0.991565000000,0.105503333333,0.583335000000),
double3(0.824900000000,0.216613333333,0.750005000000),
double3(0.658230000000,0.327726666667,0.916670000000),
double3(0.841745000000,0.222222223333,0.583335000000),
double3(0.675080000000,0.333316666667,0.750005000000),
double3(0.508410000000,0.111096666667,0.916670000000),
double3(0.666690000000,0.005623333333,0.583335000000),
double3(0.500025000000,0.116733333333,0.750005000000),
double3(0.833333335000,0.227846666667,0.916670000000),
double3(0.841770000000,0.005606666667,0.583335000000),
double3(0.675100000000,0.116720000000,0.750000000000),
double3(0.508435000000,0.227830000000,0.916665000000),
double3(0.666645000000,0.105486666667,0.583335000000),
double3(0.999975000000,0.216600000000,0.750000000000),
double3(0.833333335000,0.327710000000,0.916665000000),
double3(0.991590000000,0.222222223333,0.583335000000),
double3(0.824920000000,0.000016666667,0.750000000000),
double3(0.658255000000,0.111126666667,0.916665000000),
double3(0.560010000000,0.081063333333,0.566970000000),
double3(0.893340000000,0.192173333333,0.733635000000),
double3(0.726675000000,0.303286666667,0.900305000000),
double3(0.878405000000,0.292276666667,0.566970000000),
double3(0.711740000000,0.070053333333,0.733635000000),
double3(0.545070000000,0.181163333333,0.900305000000),
double3(0.561585000000,0.293326666667,0.566970000000),
double3(0.894920000000,0.071106666667,0.733635000000),
double3(0.728255000000,0.182216666667,0.900305000000),
double3(0.939985000000,0.252263333333,0.933040000000),
double3(0.773320000000,0.030043333333,0.599710000000),
double3(0.606650000000,0.141153333333,0.766375000000),
double3(0.621605000000,0.041056666667,0.933040000000),
double3(0.954935000000,0.152170000000,0.599710000000),
double3(0.788270000000,0.263280000000,0.766375000000),
double3(0.938415000000,0.040010000000,0.933040000000),
double3(0.771745000000,0.151120000000,0.599710000000),
double3(0.605080000000,0.262233333333,0.766375000000),
double3(0.999955000000,0.086606666667,0.500000000000),
double3(0.833290000000,0.197720000000,0.666666665000),
double3(0.666620000000,0.308830000000,0.833333335000),
double3(0.870090000000,0.246693333333,0.500000000000),
double3(0.703420000000,0.024473333333,0.666666665000),
double3(0.536755000000,0.135583333333,0.833333335000),
double3(0.629960000000,0.000030000000,0.500000000000),
double3(0.963290000000,0.111140000000,0.666666665000),
double3(0.796625000000,0.222253333333,0.833333335000),
double3(0.870040000000,0.333303333333,0.500005000000),
double3(0.703375000000,0.111080000000,0.666666665000),
double3(0.536710000000,0.222193333333,0.833333335000),
double3(0.629915000000,0.086640000000,0.500005000000),
double3(0.963245000000,0.197750000000,0.666666665000),
double3(0.796580000000,0.308860000000,0.833333335000),
double3(0.500045000000,0.246723333333,0.500005000000),
double3(0.833380000000,0.024503333333,0.666666665000),
double3(0.666710000000,0.135613333333,0.833333335000),
double3(0.718730000000,0.443620000000,0.219705000000),
double3(0.999345000000,0.408996666667,0.052980000000),
double3(0.832680000000,0.520106666667,0.219650000000),
double3(0.666015000000,0.631216666667,0.386315000000),
double3(0.886505000000,0.590570000000,0.052980000000),
double3(0.719840000000,0.368346666667,0.219650000000),
double3(0.553175000000,0.479456666667,0.386315000000),
double3(0.614145000000,0.333770000000,0.052980000000),
double3(0.947480000000,0.444880000000,0.219650000000),
double3(0.780815000000,0.555990000000,0.386315000000),
double3(0.885395000000,0.665843333333,0.053040000000),
double3(0.552065000000,0.554730000000,0.386375000000),
double3(0.613365000000,0.409736666667,0.053040000000),
double3(0.946700000000,0.520846666667,0.219705000000),
double3(0.780035000000,0.631956666667,0.386375000000),
double3(0.501235000000,0.591090000000,0.053040000000),
double3(0.834570000000,0.368866666667,0.219705000000),
double3(0.667905000000,0.479976666667,0.386375000000),
double3(0.500645000000,0.591003333333,0.447025000000),
double3(0.833975000000,0.368783333333,0.113695000000),
double3(0.667310000000,0.479893333333,0.280360000000),
double3(0.613495000000,0.409423333333,0.447025000000),
double3(0.946825000000,0.520536666667,0.113695000000),
double3(0.780160000000,0.631646666667,0.280360000000),
double3(0.885865000000,0.666236666667,0.447025000000),
double3(0.719195000000,0.444016666667,0.113695000000),
double3(0.552530000000,0.555126666667,0.280360000000),
double3(0.614600000000,0.334153333333,0.446975000000),
double3(0.947935000000,0.445263333333,0.113640000000),
double3(0.781265000000,0.556373333333,0.280310000000),
double3(0.886630000000,0.590266666667,0.446975000000),
double3(0.719960000000,0.368043333333,0.113640000000),
double3(0.553295000000,0.479156666667,0.280310000000),
double3(0.998770000000,0.408913333333,0.446975000000),
double3(0.832105000000,0.520026666667,0.113640000000),
double3(0.665440000000,0.631136666667,0.280310000000),
double3(0.758075000000,0.418120000000,0.244150000000),
double3(0.950045000000,0.365600000000,0.062465000000),
double3(0.783380000000,0.476710000000,0.229130000000),
double3(0.616710000000,0.587820000000,0.395800000000),
double3(0.951600000000,0.601100000000,0.062465000000),
double3(0.784935000000,0.378876666667,0.229130000000),
double3(0.618270000000,0.489986666667,0.395800000000),
double3(0.598350000000,0.366636666667,0.062465000000),
double3(0.931685000000,0.477746666667,0.229130000000),
double3(0.765020000000,0.588860000000,0.395800000000),
double3(0.549955000000,0.634400000000,0.437525000000),
double3(0.883290000000,0.412176666667,0.104195000000),
double3(0.716625000000,0.523290000000,0.270860000000),
double3(0.548400000000,0.398903333333,0.437525000000),
double3(0.881735000000,0.510013333333,0.104195000000),
double3(0.715065000000,0.621126666667,0.270860000000),
double3(0.901645000000,0.633363333333,0.437525000000),
double3(0.734980000000,0.411140000000,0.104195000000),
double3(0.568310000000,0.522250000000,0.270860000000),
double3(0.991565000000,0.438836666667,0.083335000000),
double3(0.824900000000,0.549946666667,0.250005000000),
double3(0.658230000000,0.661060000000,0.416670000000),
double3(0.841745000000,0.555555556667,0.083335000000),
double3(0.675080000000,0.666650000000,0.250005000000),
double3(0.508410000000,0.444430000000,0.416670000000),
double3(0.666690000000,0.338956666667,0.083335000000),
double3(0.500025000000,0.450066666667,0.250005000000),
double3(0.833333335000,0.561180000000,0.416670000000),
double3(0.841770000000,0.338940000000,0.083335000000),
double3(0.675100000000,0.450053333333,0.250000000000),
double3(0.508435000000,0.561163333333,0.416665000000),
double3(0.666645000000,0.438820000000,0.083335000000),
double3(0.999975000000,0.549933333333,0.250000000000),
double3(0.833333335000,0.661043333333,0.416665000000),
double3(0.991590000000,0.555555556667,0.083335000000),
double3(0.824920000000,0.333350000000,0.250000000000),
double3(0.658255000000,0.444460000000,0.416665000000),
double3(0.560010000000,0.414396666667,0.066970000000),
double3(0.893340000000,0.525506666667,0.233635000000),
double3(0.726675000000,0.636620000000,0.400305000000),
double3(0.878405000000,0.625610000000,0.066970000000),
double3(0.711740000000,0.403386666667,0.233635000000),
double3(0.545070000000,0.514496666667,0.400305000000),
double3(0.561585000000,0.626660000000,0.066970000000),
double3(0.894920000000,0.404440000000,0.233635000000),
double3(0.728255000000,0.515550000000,0.400305000000),
double3(0.939985000000,0.585596666667,0.433040000000),
double3(0.773320000000,0.363376666667,0.099710000000),
double3(0.606650000000,0.474486666667,0.266375000000),
double3(0.621605000000,0.374390000000,0.433040000000),
double3(0.954935000000,0.485503333333,0.099710000000),
double3(0.788270000000,0.596613333333,0.266375000000),
double3(0.938415000000,0.373343333333,0.433040000000),
double3(0.771745000000,0.484453333333,0.099710000000),
double3(0.605080000000,0.595566666667,0.266375000000),
double3(0.999955000000,0.419940000000,0.000000000000),
double3(0.833290000000,0.531053333333,0.166666665000),
double3(0.666620000000,0.642163333333,0.333333335000),
double3(0.870090000000,0.580026666667,0.000000000000),
double3(0.703420000000,0.357806666667,0.166666665000),
double3(0.536755000000,0.468916666667,0.333333335000),
double3(0.629960000000,0.333363333333,0.000000000000),
double3(0.963290000000,0.444473333333,0.166666665000),
double3(0.796625000000,0.555586666667,0.333333335000),
double3(0.870040000000,0.666636666667,0.000005000000),
double3(0.703375000000,0.444413333333,0.166666665000),
double3(0.536710000000,0.555526666667,0.333333335000),
double3(0.629915000000,0.419973333333,0.000005000000),
double3(0.963245000000,0.531083333333,0.166666665000),
double3(0.796580000000,0.642193333333,0.333333335000),
double3(0.500045000000,0.580056666667,0.000005000000),
double3(0.833380000000,0.357836666667,0.166666665000),
double3(0.666710000000,0.468946666667,0.333333335000),
double3(0.718730000000,0.443620000000,0.719705000000),
double3(0.999345000000,0.408996666667,0.552980000000),
double3(0.832680000000,0.520106666667,0.719650000000),
double3(0.666015000000,0.631216666667,0.886315000000),
double3(0.886505000000,0.590570000000,0.552980000000),
double3(0.719840000000,0.368346666667,0.719650000000),
double3(0.553175000000,0.479456666667,0.886315000000),
double3(0.614145000000,0.333770000000,0.552980000000),
double3(0.947480000000,0.444880000000,0.719650000000),
double3(0.780815000000,0.555990000000,0.886315000000),
double3(0.885395000000,0.665843333333,0.553040000000),
double3(0.552065000000,0.554730000000,0.886375000000),
double3(0.613365000000,0.409736666667,0.553040000000),
double3(0.946700000000,0.520846666667,0.719705000000),
double3(0.780035000000,0.631956666667,0.886375000000),
double3(0.501235000000,0.591090000000,0.553040000000),
double3(0.834570000000,0.368866666667,0.719705000000),
double3(0.667905000000,0.479976666667,0.886375000000),
double3(0.500645000000,0.591003333333,0.947025000000),
double3(0.833975000000,0.368783333333,0.613695000000),
double3(0.667310000000,0.479893333333,0.780360000000),
double3(0.613495000000,0.409423333333,0.947025000000),
double3(0.946825000000,0.520536666667,0.613695000000),
double3(0.780160000000,0.631646666667,0.780360000000),
double3(0.885865000000,0.666236666667,0.947025000000),
double3(0.719195000000,0.444016666667,0.613695000000),
double3(0.552530000000,0.555126666667,0.780360000000),
double3(0.614600000000,0.334153333333,0.946975000000),
double3(0.947935000000,0.445263333333,0.613640000000),
double3(0.781265000000,0.556373333333,0.780310000000),
double3(0.886630000000,0.590266666667,0.946975000000),
double3(0.719960000000,0.368043333333,0.613640000000),
double3(0.553295000000,0.479156666667,0.780310000000),
double3(0.998770000000,0.408913333333,0.946975000000),
double3(0.832105000000,0.520026666667,0.613640000000),
double3(0.665440000000,0.631136666667,0.780310000000),
double3(0.758075000000,0.418120000000,0.744150000000),
double3(0.950045000000,0.365600000000,0.562465000000),
double3(0.783380000000,0.476710000000,0.729130000000),
double3(0.616710000000,0.587820000000,0.895800000000),
double3(0.951600000000,0.601100000000,0.562465000000),
double3(0.784935000000,0.378876666667,0.729130000000),
double3(0.618270000000,0.489986666667,0.895800000000),
double3(0.598350000000,0.366636666667,0.562465000000),
double3(0.931685000000,0.477746666667,0.729130000000),
double3(0.765020000000,0.588860000000,0.895800000000),
double3(0.549955000000,0.634400000000,0.937525000000),
double3(0.883290000000,0.412176666667,0.604195000000),
double3(0.716625000000,0.523290000000,0.770860000000),
double3(0.548400000000,0.398903333333,0.937525000000),
double3(0.881735000000,0.510013333333,0.604195000000),
double3(0.715065000000,0.621126666667,0.770860000000),
double3(0.901645000000,0.633363333333,0.937525000000),
double3(0.734980000000,0.411140000000,0.604195000000),
double3(0.568310000000,0.522250000000,0.770860000000),
double3(0.991565000000,0.438836666667,0.583335000000),
double3(0.824900000000,0.549946666667,0.750005000000),
double3(0.658230000000,0.661060000000,0.916670000000),
double3(0.841745000000,0.555555556667,0.583335000000),
double3(0.675080000000,0.666650000000,0.750005000000),
double3(0.508410000000,0.444430000000,0.916670000000),
double3(0.666690000000,0.338956666667,0.583335000000),
double3(0.500025000000,0.450066666667,0.750005000000),
double3(0.833333335000,0.561180000000,0.916670000000),
double3(0.841770000000,0.338940000000,0.583335000000),
double3(0.675100000000,0.450053333333,0.750000000000),
double3(0.508435000000,0.561163333333,0.916665000000),
double3(0.666645000000,0.438820000000,0.583335000000),
double3(0.999975000000,0.549933333333,0.750000000000),
double3(0.833333335000,0.661043333333,0.916665000000),
double3(0.991590000000,0.555555556667,0.583335000000),
double3(0.824920000000,0.333350000000,0.750000000000),
double3(0.658255000000,0.444460000000,0.916665000000),
double3(0.560010000000,0.414396666667,0.566970000000),
double3(0.893340000000,0.525506666667,0.733635000000),
double3(0.726675000000,0.636620000000,0.900305000000),
double3(0.878405000000,0.625610000000,0.566970000000),
double3(0.711740000000,0.403386666667,0.733635000000),
double3(0.545070000000,0.514496666667,0.900305000000),
double3(0.561585000000,0.626660000000,0.566970000000),
double3(0.894920000000,0.404440000000,0.733635000000),
double3(0.728255000000,0.515550000000,0.900305000000),
double3(0.939985000000,0.585596666667,0.933040000000),
double3(0.773320000000,0.363376666667,0.599710000000),
double3(0.606650000000,0.474486666667,0.766375000000),
double3(0.621605000000,0.374390000000,0.933040000000),
double3(0.954935000000,0.485503333333,0.599710000000),
double3(0.788270000000,0.596613333333,0.766375000000),
double3(0.938415000000,0.373343333333,0.933040000000),
double3(0.771745000000,0.484453333333,0.599710000000),
double3(0.605080000000,0.595566666667,0.766375000000),
double3(0.999955000000,0.419940000000,0.500000000000),
double3(0.833290000000,0.531053333333,0.666666665000),
double3(0.666620000000,0.642163333333,0.833333335000),
double3(0.870090000000,0.580026666667,0.500000000000),
double3(0.703420000000,0.357806666667,0.666666665000),
double3(0.536755000000,0.468916666667,0.833333335000),
double3(0.629960000000,0.333363333333,0.500000000000),
double3(0.963290000000,0.444473333333,0.666666665000),
double3(0.796625000000,0.555586666667,0.833333335000),
double3(0.870040000000,0.666636666667,0.500005000000),
double3(0.703375000000,0.444413333333,0.666666665000),
double3(0.536710000000,0.555526666667,0.833333335000),
double3(0.629915000000,0.419973333333,0.500005000000),
double3(0.963245000000,0.531083333333,0.666666665000),
double3(0.796580000000,0.642193333333,0.833333335000),
double3(0.500045000000,0.580056666667,0.500005000000),
double3(0.833380000000,0.357836666667,0.666666665000),
double3(0.666710000000,0.468946666667,0.833333335000),
double3(0.718730000000,0.776953333333,0.219705000000),
double3(0.999345000000,0.742330000000,0.052980000000),
double3(0.832680000000,0.853440000000,0.219650000000),
double3(0.666015000000,0.964550000000,0.386315000000),
double3(0.886505000000,0.923903333333,0.052980000000),
double3(0.719840000000,0.701680000000,0.219650000000),
double3(0.553175000000,0.812790000000,0.386315000000),
double3(0.614145000000,0.667103333333,0.052980000000),
double3(0.947480000000,0.778213333333,0.219650000000),
double3(0.780815000000,0.889323333333,0.386315000000),
double3(0.885395000000,0.999176666667,0.053040000000),
double3(0.552065000000,0.888063333333,0.386375000000),
double3(0.613365000000,0.743070000000,0.053040000000),
double3(0.946700000000,0.854180000000,0.219705000000),
double3(0.780035000000,0.965290000000,0.386375000000),
double3(0.501235000000,0.924423333333,0.053040000000),
double3(0.834570000000,0.702200000000,0.219705000000),
double3(0.667905000000,0.813310000000,0.386375000000),
double3(0.500645000000,0.924336666667,0.447025000000),
double3(0.833975000000,0.702116666667,0.113695000000),
double3(0.667310000000,0.813226666667,0.280360000000),
double3(0.613495000000,0.742756666667,0.447025000000),
double3(0.946825000000,0.853870000000,0.113695000000),
double3(0.780160000000,0.964980000000,0.280360000000),
double3(0.885865000000,0.999570000000,0.447025000000),
double3(0.719195000000,0.777350000000,0.113695000000),
double3(0.552530000000,0.888460000000,0.280360000000),
double3(0.614600000000,0.667486666667,0.446975000000),
double3(0.947935000000,0.778596666667,0.113640000000),
double3(0.781265000000,0.889706666667,0.280310000000),
double3(0.886630000000,0.923600000000,0.446975000000),
double3(0.719960000000,0.701376666667,0.113640000000),
double3(0.553295000000,0.812490000000,0.280310000000),
double3(0.998770000000,0.742246666667,0.446975000000),
double3(0.832105000000,0.853360000000,0.113640000000),
double3(0.665440000000,0.964470000000,0.280310000000),
double3(0.758075000000,0.751453333333,0.244150000000),
double3(0.950045000000,0.698933333333,0.062465000000),
double3(0.783380000000,0.810043333333,0.229130000000),
double3(0.616710000000,0.921153333333,0.395800000000),
double3(0.951600000000,0.934433333333,0.062465000000),
double3(0.784935000000,0.712210000000,0.229130000000),
double3(0.618270000000,0.823320000000,0.395800000000),
double3(0.598350000000,0.699970000000,0.062465000000),
double3(0.931685000000,0.811080000000,0.229130000000),
double3(0.765020000000,0.922193333333,0.395800000000),
double3(0.549955000000,0.967733333333,0.437525000000),
double3(0.883290000000,0.745510000000,0.104195000000),
double3(0.716625000000,0.856623333333,0.270860000000),
double3(0.548400000000,0.732236666667,0.437525000000),
double3(0.881735000000,0.843346666667,0.104195000000),
double3(0.715065000000,0.954460000000,0.270860000000),
double3(0.901645000000,0.966696666667,0.437525000000),
double3(0.734980000000,0.744473333333,0.104195000000),
double3(0.568310000000,0.855583333333,0.270860000000),
double3(0.991565000000,0.772170000000,0.083335000000),
double3(0.824900000000,0.883280000000,0.250005000000),
double3(0.658230000000,0.994393333333,0.416670000000),
double3(0.841745000000,0.888888890000,0.083335000000),
double3(0.675080000000,0.999983333333,0.250005000000),
double3(0.508410000000,0.777763333333,0.416670000000),
double3(0.666690000000,0.672290000000,0.083335000000),
double3(0.500025000000,0.783400000000,0.250005000000),
double3(0.833333335000,0.894513333333,0.416670000000),
double3(0.841770000000,0.672273333333,0.083335000000),
double3(0.675100000000,0.783386666667,0.250000000000),
double3(0.508435000000,0.894496666667,0.416665000000),
double3(0.666645000000,0.772153333333,0.083335000000),
double3(0.999975000000,0.883266666667,0.250000000000),
double3(0.833333335000,0.994376666667,0.416665000000),
double3(0.991590000000,0.888888890000,0.083335000000),
double3(0.824920000000,0.666683333333,0.250000000000),
double3(0.658255000000,0.777793333333,0.416665000000),
double3(0.560010000000,0.747730000000,0.066970000000),
double3(0.893340000000,0.858840000000,0.233635000000),
double3(0.726675000000,0.969953333333,0.400305000000),
double3(0.878405000000,0.958943333333,0.066970000000),
double3(0.711740000000,0.736720000000,0.233635000000),
double3(0.545070000000,0.847830000000,0.400305000000),
double3(0.561585000000,0.959993333333,0.066970000000),
double3(0.894920000000,0.737773333333,0.233635000000),
double3(0.728255000000,0.848883333333,0.400305000000),
double3(0.939985000000,0.918930000000,0.433040000000),
double3(0.773320000000,0.696710000000,0.099710000000),
double3(0.606650000000,0.807820000000,0.266375000000),
double3(0.621605000000,0.707723333333,0.433040000000),
double3(0.954935000000,0.818836666667,0.099710000000),
double3(0.788270000000,0.929946666667,0.266375000000),
double3(0.938415000000,0.706676666667,0.433040000000),
double3(0.771745000000,0.817786666667,0.099710000000),
double3(0.605080000000,0.928900000000,0.266375000000),
double3(0.999955000000,0.753273333333,0.000000000000),
double3(0.833290000000,0.864386666667,0.166666665000),
double3(0.666620000000,0.975496666667,0.333333335000),
double3(0.870090000000,0.913360000000,0.000000000000),
double3(0.703420000000,0.691140000000,0.166666665000),
double3(0.536755000000,0.802250000000,0.333333335000),
double3(0.629960000000,0.666696666667,0.000000000000),
double3(0.963290000000,0.777806666667,0.166666665000),
double3(0.796625000000,0.888920000000,0.333333335000),
double3(0.870040000000,0.999970000000,0.000005000000),
double3(0.703375000000,0.777746666667,0.166666665000),
double3(0.536710000000,0.888860000000,0.333333335000),
double3(0.629915000000,0.753306666667,0.000005000000),
double3(0.963245000000,0.864416666667,0.166666665000),
double3(0.796580000000,0.975526666667,0.333333335000),
double3(0.500045000000,0.913390000000,0.000005000000),
double3(0.833380000000,0.691170000000,0.166666665000),
double3(0.666710000000,0.802280000000,0.333333335000),
double3(0.718730000000,0.776953333333,0.719705000000),
double3(0.999345000000,0.742330000000,0.552980000000),
double3(0.832680000000,0.853440000000,0.719650000000),
double3(0.666015000000,0.964550000000,0.886315000000),
double3(0.886505000000,0.923903333333,0.552980000000),
double3(0.719840000000,0.701680000000,0.719650000000),
double3(0.553175000000,0.812790000000,0.886315000000),
double3(0.614145000000,0.667103333333,0.552980000000),
double3(0.947480000000,0.778213333333,0.719650000000),
double3(0.780815000000,0.889323333333,0.886315000000),
double3(0.885395000000,0.999176666667,0.553040000000),
double3(0.552065000000,0.888063333333,0.886375000000),
double3(0.613365000000,0.743070000000,0.553040000000),
double3(0.946700000000,0.854180000000,0.719705000000),
double3(0.780035000000,0.965290000000,0.886375000000),
double3(0.501235000000,0.924423333333,0.553040000000),
double3(0.834570000000,0.702200000000,0.719705000000),
double3(0.667905000000,0.813310000000,0.886375000000),
double3(0.500645000000,0.924336666667,0.947025000000),
double3(0.833975000000,0.702116666667,0.613695000000),
double3(0.667310000000,0.813226666667,0.780360000000),
double3(0.613495000000,0.742756666667,0.947025000000),
double3(0.946825000000,0.853870000000,0.613695000000),
double3(0.780160000000,0.964980000000,0.780360000000),
double3(0.885865000000,0.999570000000,0.947025000000),
double3(0.719195000000,0.777350000000,0.613695000000),
double3(0.552530000000,0.888460000000,0.780360000000),
double3(0.614600000000,0.667486666667,0.946975000000),
double3(0.947935000000,0.778596666667,0.613640000000),
double3(0.781265000000,0.889706666667,0.780310000000),
double3(0.886630000000,0.923600000000,0.946975000000),
double3(0.719960000000,0.701376666667,0.613640000000),
double3(0.553295000000,0.812490000000,0.780310000000),
double3(0.998770000000,0.742246666667,0.946975000000),
double3(0.832105000000,0.853360000000,0.613640000000),
double3(0.665440000000,0.964470000000,0.780310000000),
double3(0.758075000000,0.751453333333,0.744150000000),
double3(0.950045000000,0.698933333333,0.562465000000),
double3(0.783380000000,0.810043333333,0.729130000000),
double3(0.616710000000,0.921153333333,0.895800000000),
double3(0.951600000000,0.934433333333,0.562465000000),
double3(0.784935000000,0.712210000000,0.729130000000),
double3(0.618270000000,0.823320000000,0.895800000000),
double3(0.598350000000,0.699970000000,0.562465000000),
double3(0.931685000000,0.811080000000,0.729130000000),
double3(0.765020000000,0.922193333333,0.895800000000),
double3(0.549955000000,0.967733333333,0.937525000000),
double3(0.883290000000,0.745510000000,0.604195000000),
double3(0.716625000000,0.856623333333,0.770860000000),
double3(0.548400000000,0.732236666667,0.937525000000),
double3(0.881735000000,0.843346666667,0.604195000000),
double3(0.715065000000,0.954460000000,0.770860000000),
double3(0.901645000000,0.966696666667,0.937525000000),
double3(0.734980000000,0.744473333333,0.604195000000),
double3(0.568310000000,0.855583333333,0.770860000000),
double3(0.991565000000,0.772170000000,0.583335000000),
double3(0.824900000000,0.883280000000,0.750005000000),
double3(0.658230000000,0.994393333333,0.916670000000),
double3(0.841745000000,0.888888890000,0.583335000000),
double3(0.675080000000,0.999983333333,0.750005000000),
double3(0.508410000000,0.777763333333,0.916670000000),
double3(0.666690000000,0.672290000000,0.583335000000),
double3(0.500025000000,0.783400000000,0.750005000000),
double3(0.833333335000,0.894513333333,0.916670000000),
double3(0.841770000000,0.672273333333,0.583335000000),
double3(0.675100000000,0.783386666667,0.750000000000),
double3(0.508435000000,0.894496666667,0.916665000000),
double3(0.666645000000,0.772153333333,0.583335000000),
double3(0.999975000000,0.883266666667,0.750000000000),
double3(0.833333335000,0.994376666667,0.916665000000),
double3(0.991590000000,0.888888890000,0.583335000000),
double3(0.824920000000,0.666683333333,0.750000000000),
double3(0.658255000000,0.777793333333,0.916665000000),
double3(0.560010000000,0.747730000000,0.566970000000),
double3(0.893340000000,0.858840000000,0.733635000000),
double3(0.726675000000,0.969953333333,0.900305000000),
double3(0.878405000000,0.958943333333,0.566970000000),
double3(0.711740000000,0.736720000000,0.733635000000),
double3(0.545070000000,0.847830000000,0.900305000000),
double3(0.561585000000,0.959993333333,0.566970000000),
double3(0.894920000000,0.737773333333,0.733635000000),
double3(0.728255000000,0.848883333333,0.900305000000),
double3(0.939985000000,0.918930000000,0.933040000000),
double3(0.773320000000,0.696710000000,0.599710000000),
double3(0.606650000000,0.807820000000,0.766375000000),
double3(0.621605000000,0.707723333333,0.933040000000),
double3(0.954935000000,0.818836666667,0.599710000000),
double3(0.788270000000,0.929946666667,0.766375000000),
double3(0.938415000000,0.706676666667,0.933040000000),
double3(0.771745000000,0.817786666667,0.599710000000),
double3(0.605080000000,0.928900000000,0.766375000000),
double3(0.999955000000,0.753273333333,0.500000000000),
double3(0.833290000000,0.864386666667,0.666666665000),
double3(0.666620000000,0.975496666667,0.833333335000),
double3(0.870090000000,0.913360000000,0.500000000000),
double3(0.703420000000,0.691140000000,0.666666665000),
double3(0.536755000000,0.802250000000,0.833333335000),
double3(0.629960000000,0.666696666667,0.500000000000),
double3(0.963290000000,0.777806666667,0.666666665000),
double3(0.796625000000,0.888920000000,0.833333335000),
double3(0.870040000000,0.999970000000,0.500005000000),
double3(0.703375000000,0.777746666667,0.666666665000),
double3(0.536710000000,0.888860000000,0.833333335000),
double3(0.629915000000,0.753306666667,0.500005000000),
double3(0.963245000000,0.864416666667,0.666666665000),
double3(0.796580000000,0.975526666667,0.833333335000),
double3(0.500045000000,0.913390000000,0.500005000000),
double3(0.833380000000,0.691170000000,0.666666665000),
double3(0.666710000000,0.802280000000,0.833333335000),
